69.5
72.3
84.9
68.8
71.0
70.1
70.6
74.4
68.9
68.4
68.4
69.6
70.2
71.1
71.3
69.3
68.6
73.1
71.5
70.4
69.5
70.2
69.0
70.6
70.1
71.1
69.8
75.7
70.3
70.4
69.2
70.7
183
70.9
71.6
70.5
71.4
75.7
70.9
70.3
68.9
70.8
73.0
69.8
74.2
70.9
68.2
76.8
69.2
68.6
68.8
69.2
72.6
70.3
70.2
70.0
74.8
188
68.4
70.8
70.3
71.5
72.8
69.9
70.7
70.4
69.4
71.8
70.7
70.8
70.3
71.1
74.1
70.1
69.7
69.0
68.9
68.8
71.2
70.4
70.3
70.5
83.2
70.5
69.4
68.8
78.1
86.4
70.2
70.7
72.4
70.1
71.5
70.8
71.1
69.6
69.7
76.7
71.6
71.2
70.4
70.2
76.4
69.6
69.5
69.2
70.0
70.8
70.2
70.5
69.9
70.2
72.4
73.0
71.1
70.7
71.9
73.6
69.3
69.1
69.4
71.4
69.9
68.7
69.1
74.1
69.7
68.1
68.7
69.6
73.9
70.5
69.2
69.0
67.9
70.0
69.9
69.5
68.5
68.7
71.2
68.2
68.9
70.0
68.5
68.8
69.2
88.3
68.7
73.0
78.3
69.3
69.3
68.1
69.7
91.7
70.7
69.1
68.7
71.2
74.1
68.4
70.9
70.7
71.2
73.6
69.2
68.5
70.0
70.6
77.0
69.9
71.7
70.4
70.5
70.5
70.2
69.7
71.1
71.4
74.7
68.9
70.5
70.7
70.9
79.1
68.0
68.2
71.2
72.0
83.8
70.6
71.3
70.7
69.7
75.0
70.7
70.4
71.9
70.7
82.6
71.0
70.7
70.2
69.2
69.8
68.7
69.1
67.7
70.8
72.1
70.8
70.0
70.1
71.1
71.2
69.8
71.5
70.6
71.1
74.7
70.6
70.0
68.5
68.3
71.5
71.3
69.8
71.5
72.2
71.4
71.0
72.2
69.9
70.6
76.5
74.2
70.2
78.4
72.6
71.6
71.6
70.3
70.6
70.5
73.8
69.5
68.6
69.5
69.3
72.8
68.8
69.2
69.1
70.9
75.5
74.5
70.5
70.7
70.3
72.8
72.3
70.7
70.6
70.2
71.8
71.3
77.0
70.6
77.2
73.0
70.7
70.4
70.9
69.0
70.5
71.4
70.3
71.0
69.3
72.3
69.3
72.2
72.3
70.0
73.9
68.0
70.6
70.3
69.0
69.2
70.7
70.6
68.9
70.1
78.0
69.8
70.0
88.9
71.2
74.0
77.3
69.6
72.7
70.0
70.0
68.4
68.4
69.7
71.3
243
71.6
69.7
70.5
70.7
74.8
68.7
67.7
69.5
70.5
73.1
70.7
68.6
68.3
70.8
78.8
70.9
69.8
72.9
164
70.6
68.5
71.2
70.6
71.0
77.4
69.4
70.3
70.7
69.4
70.5
69.7
71.0
67.9
70.6
70.9
70.4
69.7
69.2
69.8
86.3
70.4
69.3
71.5
71.1
70.8
68.6
68.2
70.2
68.7
69.5
69.6
71.1
70.6
68.7
70.8
69.3
69.0
71.7
70.3
72.6
71.6
71.3
70.7
71.2
77.7
68.0
70.3
69.4
70.4
72.5
71.4
70.7
70.8
70.2
71.2
69.1
71.2
70.1
68.3
71.2
70.5
70.5
70.3
71.1
69.0
68.4
70.5
69.7
69.9
72.4
71.4
69.3
69.9
70.1
84.8
70.6
72.5
70.5
70.9
85.9
70.6
70.2
69.1
72.4
72.4
70.4
71.0
72.1
70.9
78.5
71.0
68.9
68.1
71.2
83.5
70.3
84.9
69.1
71.7
74.2
68.9
69.4
71.1
70.1
72.8
71.1
71.2
71.0
70.2
76.4
69.6
148
172
72.5
309
116
68.5
72.2
70.8
78.2
69.8
69.0
71.2
71.0
70.7
71.4
69.5
71.0
70.8
70.6
68.8
70.3
72.2
71.2
75.1
70.6
71.9
70.8
70.0
67.7
71.8
70.6
71.4
70.2
78.0
165
189
70.0
68.2
75.5
68.6
70.1
71.5
70.7
71.9
75.2
69.7
68.2
68.5
71.7
70.5
71.0
70.4
71.5
70.7
70.5
69.7
70.5
70.3
77.6
71.1
71.3
71.0
70.8
80.8
70.1
69.0
183
71.5
76.4
68.7
71.0
69.6
70.7
70.4
70.3
69.6
71.0
70.8
76.5
70.3
70.6
70.1
71.0
71.9
70.1
70.3
69.8
71.0
70.1
70.1
69.4
68.2
69.5
72.9
70.5
72.0
70.3
82.1
78.0
68.9
68.4
71.3
71.1
70.6
71.7
72.3
70.5
70.3
70.1
68.8
69.9
70.9
70.5
71.9
67.9
69.3
67.8
68.4
67.8
68.5
71.2
69.0
70.3
74.9
72.6
68.4
70.5
68.3
90.0
166
68.9
69.0
67.7
69.4
69.9
72.2
68.9
68.2
71.1
68.1
70.5
70.9
72.4
71.2
71.9
70.7
70.9
69.3
68.0
68.2
69.0
70.6
70.8
70.3
70.7
75.2
70.4
69.6
68.2
70.9
87.9
109
160
155
69.4
70.6
71.3
169
68.5
71.1
73.0
70.1
74.6
70.6
71.3
68.8
69.4
69.6
70.2
70.6
70.0
70.2
72.9
70.5
76.1
69.8
68.9
76.6
68.8
69.1
68.8
71.9
72.4
69.1
69.7
67.9
71.4
74.8
72.1
68.8
70.8
69.2
78.0
69.0
68.6
70.6
72.6
70.9
70.9
70.4
71.5
71.5
77.3
70.2
70.6
68.3
70.4
76.8
70.2
70.9
69.8
69.7
72.8
91.9
73.7
69.6
70.9
74.7
69.5
69.7
70.0
68.0
73.0
70.1
70.3
70.5
70.5
77.4
68.4
70.2
70.2
69.1
71.4
70.8
70.6
70.3
70.0
72.4
69.9
70.8
68.0
70.7
104
72.5
70.3
70.5
74.0
72.2
70.4
68.8
67.9
67.9
72.4
70.3
70.5
71.6
70.7
71.7
69.7
68.5
70.2
70.8
78.2
70.6
70.8
70.8
70.4
69.1
69.3
74.3
70.3
69.8
71.7
70.8
68.5
66.3
68.0
76.1
68.6
67.6
67.9
68.1
72.6
74.8
71.2
70.2
71.1
70.3
72.0
70.5
70.6
69.1
75.6
77.1
72.0
70.6
68.6
88.3
69.4
69.5
69.3
69.2
77.7
70.1
70.6
69.0
71.0
72.2
69.3
68.5
70.5
69.3
72.3
70.2
70.4
71.2
70.0
78.5
68.7
68.1
71.3
70.2
75.4
70.0
70.3
71.8
70.4
69.9
68.8
72.1
70.8
70.7
72.3
72.1
71.0
69.8
68.7
73.3
70.4
70.2
68.2
70.2
73.8
69.8
70.7
70.7
68.0
72.5
72.0
72.1
70.6
70.8
72.8
71.4
68.7
70.9
70.6
73.1
71.2
71.4
70.2
72.8
70.3
71.2
68.7
69.0
69.2
80.1
70.9
70.8
71.8
67.9
69.4
68.5
71.4
71.1
70.0
71.8
76.1
69.9
70.1
70.7
68.5
68.8
67.8
69.7
69.0
70.5
70.9
73.2
71.2
72.4
71.0
238
104
69.6
71.6
73.3
69.9
71.3
67.3
71.6
77.6
69.9
72.0
70.5
69.4
71.9
71.4
69.2
70.7
70.1
77.8
71.3
70.0
70.8
69.2
74.9
70.1
70.9
70.5
69.2
71.2
435
69.2
69.0
69.9
79.6
70.7
70.4
68.1
70.1
71.9
68.8
68.0
71.2
68.9
71.7
68.3
71.0
70.6
69.8
216
68.1
70.8
71.4
70.9
69.9
71.3
70.7
71.4
68.7
70.9
70.0
142
70.0
70.0
73.6
70.2
70.0
69.0
69.7
70.9
75.5
71.7
71.1
70.5
161
68.7
68.0
70.4
70.9
75.3
69.1
70.8
70.7
69.6
76.0
70.0
71.1
69.7
69.0
91.3
69.9
69.7
211
68.7
72.7
69.5
68.0
68.2
68.1
72.5
68.5
69.1
68.5
68.5
72.4
70.3
68.8
70.4
71.2
75.4
67.8
68.0
68.5
67.9
77.2
68.7
69.0
69.7
68.8
74.4
68.6
69.9
70.7
71.2
68.8
70.1
70.8
68.8
68.8
71.9
70.3
70.8
68.1
72.0
72.3
70.8
69.2
69.9
68.1
71.3
69.0
70.0
70.9
69.4
74.4
69.9
68.1
70.3
68.2
69.5
67.5
69.1
69.1
68.1
70.6
